$ANSIBLE_VAULT;1.1;AES256
66333331366535396434306338323933636135613832623131343939346363663036646661653133
3033336637636530376137313232663563656565303164300a376238663031383161333231656631
66323435653038376439363461666231373936306139363935343564623935653362626533393033
3963373363666634330a393732633731656633616331393466626432323133353861366261356265
61393333616132613662376565393339366332393963626438626265623665643336363834626630
65656436623236656662396534643962623962363963303461323164653665343135326361616636
63613465646233313532393661383466343938386664373935336234616235623561373863623965
65376434343837386661323361663462616562636464396462313461386566633461383766343638
31313833653630613533336462343066356337663139353236343736383039316163353131646130
62623032396266613534343135646361386637373061353035303933373764303532316664643666
66356239613363316265323233656666383261663063333235636539376434383764323838663037
31663038313734313331636130363763333961646437616639393230373930316265373831666339
64653139313031316636323038323832636264613734623935326463343162356532333733373965
64363231313661653862366364303337633566626239333765363134653631623631333034653765
31336532633238613864313632336532653738353138343734643137366138623265613037353132
64623732643732313662333532323935646565373139366338366236343538373132326162663161
31303038363132393538633764626166663938346233336433616539313363653066653265633564
33326637336332306432303237386339333736323134373461303636343337623630363736313536
38653737316131336264316135653063346162353732393230643133303861663138373933343137
63316431396362616638373335313164623837313962656634663635343162653365633362623566
62666264303838373130663735303438326131323662343731656364663533363865666431646263
39346461663135613066326636636534323435343238633966343932643864343430326365313662
35633230396537366430343733313136346337643436316463303464633335346531653965646662
37303336356361636238343862353231633737363462663462613564303163666135316231643939
36373661323562383765353266313939346632383064373437643934346437336430346163633761
62303565636632396538323863323964613833386564383331373061393366303266373237616531
63666430636533373733326662333731636362633434663762376466306335643138326666363366
36623530396331363865
